{
    "FA": 2.999331163872907,
    "SNR": 163.59763997917875,
    "bin": 2,
    "em_gain": 0,
    "em_mode": "CONV",
    "hss": 1,
    "img_name": "CONV_1MHz_PA1_B1_TEXP20_G1_OPTMODE.fits",
    "kinetic_series_length": 1,
    "max_fa": 6.655138483141805,
    "max_snr": 300.7957408965101,
    "min_fa": 1.0,
    "min_snr": 99.99999999999999,
    "obj_coords": "(101,101)",
    "obs_type": "object",
    "output": 0.11197678501459941,
    "preamp": 2,
    "snr_target": 100.0,
    "star_radius": 22.30674367248861,
    "sub_img": 512,
    "t_exp": 0.33340766503047403
}