{
    "AR": 0.9183532914730026,
    "SNR": 241.18296661886086,
    "SNR*FA": 0.4720945831100598,
    "bin": 1,
    "em_gain": 0,
    "em_mode": "Conv",
    "img_name": "CONV_1MHz_PA1_B1_TEXP20_G1_OPTMODE.fits",
    "max_fa": 0.9847580613657567,
    "max_snr": 358.09015369973554,
    "min_fa": 0.5,
    "min_snr": 100.0,
    "obj_coords": "(0,0)",
    "obs_type": "object",
    "preamp": 2,
    "readout_rate": 1,
    "snr_target": 100,
    "star_radius": 0,
    "sub_img": 1024,
    "t_exp": 0.9516300947444155
}